10000   0.000001    0.000000
20000   0.000001    0.000000
30000   0.000001    0.000000
40000   0.000001    0.000000
50000   0.000001    0.000000
60000   0.000002    0.000000
70000   0.000001    0.000000
80000   0.000001    0.000000
90000   0.000001    0.000000
100000  0.000001    0.000000
110000  0.000001    0.000000
120000  0.000002    0.000000
130000  0.000001    0.000001
140000  0.000002    0.000000
150000  0.000002    0.000000
160000  0.000001    0.000001
170000  0.000002    0.000000
180000  0.000002    0.000000
190000  0.000003    0.000000
200000  0.000003    0.000000